2019-12-13 15:34:08 INFO 12.475.3 20191118T111407.000-0500 5676.69921875 6978.9765625 278.0390625 24 1 2 1 3 2 278061 559 1 2 185 205 21 0 4719296 false
2019-12-13 15:34:10 INFO 12.475.3 20191118T111407.000-0500 5706.94140625 7010.9765625 256.953125 45 0 2 0 3 2 278062 559 0 2 10 10 0 0 0 false
2019-12-13 15:34:12 INFO 12.475.3 20191118T111407.000-0500 5733.0625 7042.9765625 231.1171875 30 0 2 0 3 2 278063 559 0 2 0 0 0 0 0 false
2019-12-13 15:34:14 INFO 12.475.3 20191118T111407.000-0500 5517.51953125 6722.9765625 442.8203125 59 0 1 0 3 1 278064 559 0 1 0 0 0 0 0 false
2019-12-13 15:34:16 INFO 12.475.3 20191118T111407.000-0500 5452.53515625 6624.9609375 509.41015625 0 0 1 0 3 1 278064 559 0 1 0 0 0 0 0 false
2019-12-13 15:34:18 INFO 12.475.3 20191118T111407.000-0500 5452.53515625 6624.9609375 511.30078125 0 0 1 0 3 1 278064 559 0 1 0 0 0 0 0 false
2019-12-13 15:34:20 INFO 12.475.3 20191118T111407.000-0500 5452.53515625 6624.9609375 517.9140625 0 0 1 0 3 1 278064 559 0 1 0 0 0 0 0 false
2019-12-13 15:34:22 INFO 12.475.3 20191118T111407.000-0500 5452.53515625 6624.9609375 517.296875 0 0 1 0 2 1 278064 559 0 1 0 0 0 0 0 false
2019-12-13 15:34:24 INFO 12.475.3 20191118T111407.000-0500 5452.53515625 6624.9609375 517.3828125 0 0 1 0 2 1 278064 559 0 1 0 0 0 0 0 false
2019-12-13 15:34:26 INFO 12.475.3 20191118T111407.000-0500 5452.53515625 6624.9609375 517.2265625 0 0 1 0 2 1 278064 559 0 1 0 0 0 0 0 false
2019-12-13 15:34:28 INFO 12.475.3 20191118T111407.000-0500 5452.53515625 6624.9609375 516.83984375 0 0 1 0 2 1 278064 559 0 1 0 0 0 0 0 false
2019-12-13 15:34:30 INFO 12.475.3 20191118T111407.000-0500 5452.53515625 6624.9609375 516.87109375 0 0 1 0 2 1 278064 559 0 1 0 0 0 0 0 false
2019-12-13 15:34:32 INFO 12.475.3 20191118T111407.000-0500 5452.53515625 6624.9609375 514.69921875 0 0 1 0 2 1 278064 559 0 1 0 0 0 0 0 false
2019-12-13 15:34:34 INFO 12.475.3 20191118T111407.000-0500 5452.53515625 6624.9609375 516.125 0 0 1 0 2 1 278064 559 0 1 0 0 0 0 0 false
2019-12-13 15:34:36 INFO 12.475.3 20191118T111407.000-0500 5452.53515625 6624.9609375 514.59375 0 0 1 0 2 1 278064 559 0 1 0 0 0 0 0 false
2019-12-13 15:34:38 INFO 12.475.3 20191118T111407.000-0500 5452.5859375 6626.9765625 513.90625 0 0 1 0 2 1 278064 559 0 1 0 0 0 0 0 false
2019-12-13 15:34:40 INFO 12.475.3 20191118T111407.000-0500 5452.5859375 6626.9765625 492.8203125 0 0 1 0 2 1 278064 559 0 1 0 0 0 0 0 false
2019-12-13 15:34:42 INFO 12.475.3 20191118T111407.000-0500 5452.5859375 6626.9765625 493.60546875 0 0 1 0 2 1 278064 559 0 1 0 0 0 0 0 false
2019-12-13 15:34:44 INFO 12.475.3 20191118T111407.000-0500 5452.5859375 6626.9765625 479.21484375 0 0 1 0 2 1 278064 559 0 1 0 0 0 0 0 false
2019-12-13 15:34:46 INFO 12.475.3 20191118T111407.000-0500 5452.5859375 6626.9765625 451.0859375 0 0 1 0 2 1 278064 559 0 1 0 0 0 0 0 false
2019-12-13 15:34:48 INFO 12.475.3 20191118T111407.000-0500 5452.5859375 6626.9765625 452.5546875 0 0 1 0 2 1 278065 559 0 1 0 0 0 0 0 false
2019-12-13 15:34:50 INFO 12.475.3 20191118T111407.000-0500 5453.0234375 6626.9765625 443.21875 3 1 2 1 3 2 278068 559 1 2 1 1 0 0 0 false
2019-12-13 15:34:52 INFO 12.475.3 20191118T111407.000-0500 5465.0390625 6640.9765625 427.99609375 29 0 2 0 3 2 278069 559 0 2 71 88 17 0 2620352 false
2019-12-13 15:34:54 INFO 12.475.3 20191118T111407.000-0500 5456.97265625 6632.9765625 410.70703125 14 0 1 0 3 1 278071 559 0 1 0 1 2 0 2097664 false
2019-12-13 15:34:56 INFO 12.475.3 20191118T111407.000-0500 5456.9921875 6632.9765625 403.94921875 0 0 2 0 4 2 278073 559 0 2 0 0 0 0 0 false
2019-12-13 15:34:58 INFO 12.475.3 20191118T111407.000-0500 5470.55859375 6640.9765625 388.328125 37 1 2 1 4 2 278076 559 1 2 21 21 0 0 0 false
2019-12-13 15:35:00 INFO 12.475.3 20191118T111407.000-0500 5522.1796875 6712.9765625 332.9453125 50 0 2 0 4 2 278077 559 0 2 24 24 0 0 0 false
2019-12-13 15:35:02 INFO 12.475.3 20191118T111407.000-0500 5528.88671875 6736.9765625 323.7734375 49 0 2 0 3 2 278078 559 0 2 0 0 0 0 0 false
2019-12-13 15:35:04 INFO 12.475.3 20191118T111407.000-0500 5540.96875 6736.9765625 322.87109375 50 0 2 0 3 2 278079 559 0 2 12 12 0 0 0 false
2019-12-13 15:35:06 INFO 12.475.3 20191118T111407.000-0500 5549.74609375 6776.9765625 328.0078125 53 0 2 0 3 2 278080 559 0 2 0 0 0 0 0 false
2019-12-13 15:35:08 INFO 12.475.3 20191118T111407.000-0500 5642.92578125 6968.9765625 282.47265625 51 0 2 0 3 2 278081 559 0 2 12 12 0 0 0 false
2019-12-13 15:35:10 INFO 12.475.3 20191118T111407.000-0500 5654.94921875 6968.9765625 295.859375 56 0 2 0 3 2 278082 559 0 2 0 0 0 0 0 false
2019-12-13 15:35:12 INFO 12.475.3 20191118T111407.000-0500 5663.71875 6984.9765625 302.2109375 49 0 2 0 3 2 278083 559 0 2 0 0 0 0 0 false
2019-12-13 15:35:14 INFO 12.475.3 20191118T111407.000-0500 5674.234375 6984.9765625 286.38671875 54 0 2 0 3 2 278084 559 0 2 0 0 0 0 0 false
2019-12-13 15:35:16 INFO 12.475.3 20191118T111407.000-0500 5674.359375 6984.9765625 270.41796875 21 0 2 0 3 2 278085 559 0 2 44 46 2 0 1280 false
2019-12-13 15:35:18 INFO 12.475.3 20191118T111407.000-0500 5689.26171875 7000.9765625 251.65234375 57 0 2 0 3 2 278086 559 0 2 10 10 0 0 0 false
2019-12-13 15:35:20 INFO 12.475.3 20191118T111407.000-0500 5719.94140625 7032.9765625 217.0703125 23 0 2 0 3 2 278087 559 0 2 0 0 0 0 0 false
2019-12-13 15:35:22 INFO 12.475.3 20191118T111407.000-0500 5672.109375 6984.9765625 253.078125 31 0 1 0 2 1 278089 559 0 1 0 0 0 0 0 false
2019-12-13 15:35:24 INFO 12.475.3 20191118T111407.000-0500 5455.1796875 6632.9765625 463.2578125 31 0 1 0 3 1 278089 559 0 1 0 0 0 0 0 false
2019-12-13 15:35:26 INFO 12.475.3 20191118T111407.000-0500 5455.1796875 6632.9765625 442.8046875 0 0 1 0 3 1 278089 559 0 1 0 0 0 0 0 false
2019-12-13 15:35:29 INFO 12.475.3 20191118T111407.000-0500 5455.1796875 6632.9765625 391.97265625 0 0 1 0 3 1 278127 559 0 1 0 0 0 0 0 false
2019-12-13 15:35:31 INFO 12.475.3 20191118T111407.000-0500 5455.1796875 6632.9765625 324.39453125 6 0 1 0 3 1 278316 559 0 1 0 0 0 0 0 false
2019-12-13 15:35:32 INFO 12.475.3 20191118T111407.000-0500 5455.1796875 6632.9765625 315.5703125 5 0 1 0 1 1 278444 559 0 1 0 0 0 0 0 false
2019-12-13 15:35:35 INFO 12.475.3 20191118T111407.000-0500 5455.1796875 6632.9765625 317.703125 16 0 2 0 2 2 278546 559 0 2 6 9 3 0 210496 false
2019-12-13 15:35:37 INFO 12.475.3 20191118T111407.000-0500 5456.4921875 6632.9765625 315.53125 7 1 2 1 2 2 278628 559 1 2 20 149 166 189 4855488 false
2019-12-13 15:35:39 INFO 12.475.3 20191118T111407.000-0500 5457.4296875 6632.9765625 273.96484375 15 1 2 1 2 2 278744 559 1 2 526 739 283 108 4800128 false
2019-12-13 15:35:41 INFO 12.475.3 20191118T111407.000-0500 5457.4296875 6632.9765625 259.0546875 16 1 2 1 2 2 278880 559 1 2 662 1081 497 330 6264968 false
2019-12-13 15:35:43 INFO 12.475.3 20191118T111407.000-0500 5458.38671875 6632.9765625 286.09765625 11 1 1 1 1 1 279065 560 1 1 1661 1876 143 274 5221328 false
2019-12-13 15:35:45 INFO 12.475.3 20191118T111407.000-0500 5458.41796875 6632.9765625 342.15234375 10 0 3 0 2 2 279115 560 0 3 0 0 0 0 0 false
2019-12-13 15:35:47 INFO 12.475.3 20191118T111407.000-0500 5459.3046875 6630.9609375 268.48828125 13 1 3 1 2 2 279316 560 1 3 457 459 2 0 1152 false
2019-12-13 15:35:49 INFO 12.475.3 20191118T111407.000-0500 5459.3046875 6630.9609375 240.25 9 1 3 1 2 2 279579 561 1 3 2134 2211 46 96 4084560 false
2019-12-13 15:35:51 INFO 12.475.3 20191118T111407.000-0500 5459.33984375 6631.96875 261.0625 2 0 4 0 3 3 279707 561 0 4 0 0 0 0 0 false
2019-12-13 15:35:53 INFO 12.475.3 20191118T111407.000-0500 5459.4296875 6631.96875 266.7578125 4 1 2 1 2 2 279812 561 1 2 1 1 0 0 0 false
2019-12-13 15:35:55 INFO 12.475.3 20191118T111407.000-0500 5466.16796875 6637.96875 286.640625 21 0 5 0 3 3 279880 561 0 5 71 87 16 0 64192 false
2019-12-13 15:35:57 INFO 12.475.3 20191118T111407.000-0500 5471.17578125 6641.96875 251.56640625 34 2 5 1 3 3 279956 561 2 5 546 681 169 71 13981184 false
2019-12-13 15:35:59 INFO 12.475.3 20191118T111407.000-0500 5467.640625 6637.96875 260.734375 8 0 4 0 3 2 279957 561 0 4 34 40 4 0 13312 false
2019-12-13 15:36:01 INFO 12.475.3 20191118T111407.000-0500 5467.640625 6637.96875 281.05859375 0 0 5 0 4 3 279959 561 0 5 0 0 0 0 0 false
2019-12-13 15:36:03 INFO 12.475.3 20191118T111407.000-0500 5476.62890625 6645.96875 281.64453125 5 1 5 1 4 3 279962 561 1 5 5 5 0 0 0 false
2019-12-13 15:36:05 INFO 12.475.3 20191118T111407.000-0500 5501.12890625 6685.96875 258.95703125 52 0 5 0 3 3 279963 561 0 5 40 40 0 0 0 false
2019-12-13 15:36:07 INFO 12.475.3 20191118T111407.000-0500 5538.3203125 6725.96875 201.43359375 31 3 5 1 3 3 280015 561 3 5 373 373 0 0 0 false
2019-12-13 15:36:09 INFO 12.475.3 20191118T111407.000-0500 5543.55859375 6743.984375 178.71484375 22 3 5 1 3 3 280162 561 3 5 438 465 24 5 300416 false
2019-12-13 15:36:11 INFO 12.475.3 20191118T111407.000-0500 5547.80859375 6743.984375 170.62890625 26 3 5 1 3 3 280286 561 3 5 295 307 11 1 46336 false
2019-12-13 15:36:13 INFO 12.475.3 20191118T111407.000-0500 5552.32421875 6743.984375 166.07421875 25 3 6 1 3 3 280524 564 3 6 1188 1271 67 59 1464384 false
2019-12-13 15:36:15 INFO 12.475.3 20191118T111407.000-0500 5559.03515625 6751.984375 198.2109375 38 1 4 1 2 2 280646 564 1 4 2155 2264 102 166 5473320 false
2019-12-13 15:36:17 INFO 12.475.3 20191118T111407.000-0500 5651.5390625 6975.984375 134.6015625 36 0 6 0 3 3 280697 564 0 6 0 0 0 0 0 false
2019-12-13 15:36:19 INFO 12.475.3 20191118T111407.000-0500 5657.23828125 6975.984375 146.1328125 37 0 6 0 3 3 280773 564 0 6 12 12 0 0 0 false
2019-12-13 15:36:21 INFO 12.475.3 20191118T111407.000-0500 5664.00390625 6975.984375 116.0078125 34 1 6 1 3 3 280861 564 1 6 98 100 2 0 1152 false
2019-12-13 15:36:23 INFO 12.475.3 20191118T111407.000-0500 5672.71484375 6975.984375 137.73828125 30 1 6 1 3 3 280933 564 1 6 209 209 0 0 0 false
2019-12-13 15:36:25 INFO 12.475.3 20191118T111407.000-0500 5679.73046875 6991.984375 96.93359375 23 2 6 1 2 2 281101 564 2 6 702 702 0 0 0 false
2019-12-13 15:36:27 INFO 12.475.3 20191118T111407.000-0500 5684.37109375 6991.984375 109.46875 32 4 7 1 3 3 281169 564 4 7 287 298 5 21 473472 false
2019-12-13 15:36:29 INFO 12.475.3 20191118T111407.000-0500 5689.30859375 6991.984375 87.72265625 27 3 6 1 3 3 281564 565 3 6 2616 2728 105 178 5630688 false
2019-12-13 15:36:31 INFO 12.475.3 20191118T111407.000-0500 5687.11328125 6991.984375 83.40625 31 3 5 1 3 3 281687 566 3 5 773 804 30 7 1477384 false
2019-12-13 15:36:33 INFO 12.475.3 20191118T111407.000-0500 5687.61328125 6991.984375 114.1953125 21 1 5 1 3 3 281881 566 1 5 367 367 0 0 0 false
2019-12-13 15:36:35 INFO 12.475.3 20191118T111407.000-0500 5702.9609375 7007.984375 86.6953125 29 1 4 1 2 2 281971 567 1 4 396 406 11 14 223744 false
2019-12-13 15:36:37 INFO 12.475.3 20191118T111407.000-0500 5719.23828125 7023.984375 128.6875 33 1 5 1 3 3 282104 567 1 5 2147 2241 89 164 5458472 false
2019-12-13 15:36:39 INFO 12.475.3 20191118T111407.000-0500 5730.890625 7039.984375 82.19921875 24 0 2 0 3 2 282181 567 0 2 0 0 0 0 0 false
2019-12-13 15:36:41 INFO 12.475.3 20191118T111407.000-0500 5672.49609375 6991.984375 293.50390625 20 0 1 0 2 1 282182 567 0 1 0 0 0 0 0 false
2019-12-13 15:36:43 INFO 12.475.3 20191118T111407.000-0500 5672.5390625 6991.984375 291.12109375 40 0 1 0 2 1 282182 567 0 1 0 0 0 0 0 false
2019-12-13 15:36:45 INFO 12.475.3 20191118T111407.000-0500 5454.73046875 6639.984375 485.0703125 0 0 1 0 2 1 282182 567 0 1 0 0 0 0 0 false
2019-12-16 09:14:56 INFO 12.475.3 20191118T111407.000-0500 5458.7734375 6774.9609375 404.0859375 2 1 2 1 4 2 283849 567 1 2 7333 8542 1297 54 156446592 false
2019-12-16 09:14:57 INFO 12.475.3 20191118T111407.000-0500 5485.88671875 6814.9609375 362.70703125 57 0 2 0 4 2 283850 567 0 2 32 32 0 0 0 false
2019-12-16 09:14:59 INFO 12.475.3 20191118T111407.000-0500 5525.1484375 6854.9609375 296.51953125 39 0 2 0 4 2 283851 567 0 2 12 12 0 0 0 false
2019-12-16 09:15:02 INFO 12.475.3 20191118T111407.000-0500 5534.984375 6878.9609375 277.0859375 45 0 2 0 3 2 283852 567 0 2 12 12 0 0 0 false
2019-12-16 09:15:04 INFO 12.475.3 20191118T111407.000-0500 5545.76953125 6886.9609375 267.30078125 46 0 2 0 3 2 283853 567 0 2 0 0 0 0 0 false
2019-12-16 09:15:06 INFO 12.475.3 20191118T111407.000-0500 5639.83203125 7110.9609375 186.83203125 57 0 2 0 3 2 283854 567 0 2 0 0 0 0 0 false
2019-12-16 09:15:08 INFO 12.475.3 20191118T111407.000-0500 5648.9765625 7110.9609375 175.3671875 42 0 2 0 3 2 283855 567 0 2 12 12 0 0 0 false
2019-12-16 09:15:10 INFO 12.475.3 20191118T111407.000-0500 5659.04296875 7112.9765625 166.8359375 22 0 2 0 3 2 283856 567 0 2 0 0 0 0 0 false
2019-12-16 09:15:12 INFO 12.475.3 20191118T111407.000-0500 5667.0546875 7128.9765625 166.01171875 29 0 1 0 2 1 283857 567 0 1 0 0 0 0 0 false
2019-12-16 09:15:14 INFO 12.475.3 20191118T111407.000-0500 5675.2578125 7128.9765625 168.01171875 44 0 2 0 3 2 283858 567 0 2 0 0 0 0 0 false
2019-12-16 09:15:16 INFO 12.475.3 20191118T111407.000-0500 5676.171875 7127.96875 163.33203125 22 0 2 0 3 2 283859 567 0 2 44 46 2 0 1280 false
2019-12-16 09:15:18 INFO 12.475.3 20191118T111407.000-0500 5691.078125 7143.96875 162.296875 35 0 2 0 3 2 283860 567 0 2 10 10 0 0 0 false
2019-12-16 09:15:20 INFO 12.475.3 20191118T111407.000-0500 5706.41796875 7159.96875 149.55078125 23 0 2 0 3 2 283861 567 0 2 0 0 0 0 0 false
2019-12-16 09:15:22 INFO 12.475.3 20191118T111407.000-0500 5733.91015625 7191.96875 111.19921875 23 0 2 0 3 2 283862 567 0 2 0 0 0 0 0 false
2019-12-16 09:15:24 INFO 12.475.3 20191118T111407.000-0500 5680.5703125 7136.015625 176.609375 47 0 1 0 2 1 283863 567 0 1 0 0 0 0 0 false
2019-12-16 09:23:23 INFO 12.475.3 20191118T111407.000-0500 5461.29296875 6776.9765625 281.4609375 0 3 3 2 2 2 284701 569 3 3 8367 9652 1134 1133 70879776 false
2019-12-16 09:23:25 INFO 12.475.3 20191118T111407.000-0500 5461.29296875 6776.9765625 314.74609375 0 0 4 0 2 2 284703 569 0 4 0 0 0 0 0 false
2019-12-16 09:23:27 INFO 12.475.3 20191118T111407.000-0500 5464.85546875 6776.9765625 271.25 29 2 4 1 2 2 284807 569 2 4 1007 1228 224 129 10013952 false
2019-12-16 09:23:29 INFO 12.475.3 20191118T111407.000-0500 5465.79296875 6776.9765625 228.12109375 12 2 4 1 2 2 285009 570 2 4 1066 1129 50 22 1000768 false
2019-12-16 09:23:31 INFO 12.475.3 20191118T111407.000-0500 5466.66796875 6776.9765625 209.25 21 2 4 1 2 2 285241 571 2 4 2699 2796 61 88 5127440 false
2019-12-16 09:23:33 INFO 12.475.3 20191118T111407.000-0500 5466.66796875 6776.9765625 214.45703125 2 1 4 1 2 2 285329 572 1 4 301 301 0 0 0 false
2019-12-16 09:23:35 INFO 12.475.3 20191118T111407.000-0500 5466.66796875 6776.9765625 221.1328125 0 0 5 0 2 2 285331 572 0 5 0 0 0 0 0 false
2019-12-16 09:23:37 INFO 12.475.3 20191118T111407.000-0500 5466.66796875 6776.9765625 224.515625 7 1 5 1 2 2 285339 572 1 5 98 100 2 0 1152 false
2019-12-16 09:23:39 INFO 12.475.3 20191118T111407.000-0500 5467.60546875 6776.9765625 219.32421875 12 2 5 1 2 2 285630 573 2 5 1938 2014 48 79 3600016 false
2019-12-16 09:23:41 INFO 12.475.3 20191118T111407.000-0500 5466.73046875 6776.9765625 223.27734375 11 1 5 1 2 2 285730 573 1 5 858 878 14 15 1654080 false
2019-12-16 09:23:43 INFO 12.475.3 20191118T111407.000-0500 5468.54296875 6776.9765625 220.10546875 22 2 5 1 2 2 285973 574 2 5 1163 1165 2 0 1152 false
2019-12-16 09:23:45 INFO 12.475.3 20191118T111407.000-0500 5467.66796875 6776.9765625 236.703125 6 1 4 1 2 2 286301 575 1 4 2637 2734 60 77 5536720 false
2019-12-16 09:23:47 INFO 12.475.3 20191118T111407.000-0500 5467.640625 6774.9609375 222.52734375 2 0 6 0 2 2 286305 575 0 6 0 0 0 0 0 false
2019-12-16 09:23:49 INFO 12.475.3 20191118T111407.000-0500 5467.64453125 6774.9609375 222.32421875 25 2 7 1 3 3 286326 575 2 7 212 216 4 0 2304 false
2019-12-16 09:23:51 INFO 12.475.3 20191118T111407.000-0500 5473.63671875 6778.9609375 189.98828125 32 3 7 2 3 3 286662 576 3 7 1348 1358 10 7 223872 false
2019-12-16 09:23:53 INFO 12.475.3 20191118T111407.000-0500 5484.1640625 6790.9609375 172.74609375 40 2 7 1 3 3 286872 577 2 7 3787 3958 118 134 9545616 false
2019-12-16 09:23:55 INFO 12.475.3 20191118T111407.000-0500 5480.5859375 6784.9609375 201.87890625 30 3 6 1 2 2 286992 577 3 6 494 496 3 0 4653824 false
2019-12-16 09:23:57 INFO 12.475.3 20191118T111407.000-0500 5475.609375 6780.9609375 224.78125 11 1 7 1 3 2 287169 578 1 7 478 478 0 0 0 false
2019-12-16 09:23:59 INFO 12.475.3 20191118T111407.000-0500 5475.609375 6780.9609375 198.46484375 28 0 7 0 3 2 287170 578 0 7 98 100 2 0 1152 false
2019-12-16 09:24:01 INFO 12.475.3 20191118T111407.000-0500 5477.421875 6780.9609375 186.33984375 14 3 8 1 4 3 287425 578 3 8 1021 1021 0 0 0 false
2019-12-16 09:24:03 INFO 12.475.3 20191118T111407.000-0500 5490.1796875 6788.9609375 171.0078125 45 4 8 2 4 3 287723 580 4 8 2163 2221 41 48 3461136 false
2019-12-16 09:24:05 INFO 12.475.3 20191118T111407.000-0500 5512.93359375 6828.9609375 167.1796875 56 2 8 1 4 3 287913 581 2 8 2408 2509 67 77 5905488 false
2019-12-16 09:24:07 INFO 12.475.3 20191118T111407.000-0500 5556.9453125 6884.9609375 152.796875 58 1 9 1 3 3 287945 581 1 9 288 288 0 0 0 false
2019-12-16 09:24:09 INFO 12.475.3 20191118T111407.000-0500 5566.33203125 6886.9765625 117.7265625 56 3 9 1 3 3 288077 581 3 9 717 719 2 0 1152 false
2019-12-16 09:24:12 INFO 12.475.3 20191118T111407.000-0500 5639.33203125 7134.9765625 100.703125 44 3 8 1 3 3 288453 583 3 8 1162 1162 0 0 0 false
2019-12-16 09:24:14 INFO 12.475.3 20191118T111407.000-0500 5665.41796875 7118.9765625 57.36328125 36 1 9 1 3 3 288550 583 1 9 309 309 0 0 0 false
2019-12-16 09:24:15 INFO 12.475.3 20191118T111407.000-0500 5673.14453125 7119.984375 73.671875 53 1 9 1 3 3 288664 584 1 9 1845 1930 58 68 5310096 false
2019-12-16 09:24:18 INFO 12.475.3 20191118T111407.000-0500 5683.8671875 7135.984375 87.9921875 52 1 8 1 2 2 288787 584 1 8 309 310 1 0 576 false
2019-12-16 09:24:19 INFO 12.475.3 20191118T111407.000-0500 5695.3828125 7135.984375 131.0234375 46 3 10 1 3 3 288850 584 3 10 697 697 0 0 0 false
2019-12-16 09:24:22 INFO 12.475.3 20191118T111407.000-0500 5699.4453125 7135.984375 82.6953125 26 3 10 1 3 3 289028 584 3 10 552 554 2 0 1280 false
2019-12-16 09:24:24 INFO 12.475.3 20191118T111407.000-0500 5697.1953125 7135.984375 66.4765625 37 4 9 1 3 3 289315 586 4 9 947 947 0 0 0 false
2019-12-16 09:24:26 INFO 12.475.3 20191118T111407.000-0500 5713.48828125 7151.984375 70.7734375 27 5 9 1 3 3 289555 587 5 9 1714 1782 47 49 3504784 false
2019-12-16 09:24:28 INFO 12.475.3 20191118T111407.000-0500 5727.99609375 7167.984375 107.203125 37 3 8 1 2 2 289745 587 3 8 1265 1286 14 20 2017216 false
2019-12-16 09:24:30 INFO 12.475.3 20191118T111407.000-0500 5733.9375 7167.984375 107.25 30 3 10 1 3 3 289923 587 3 10 937 937 0 0 0 false
2019-12-16 09:24:32 INFO 12.475.3 20191118T111407.000-0500 5733.87890625 7163.984375 112.33203125 34 4 10 1 3 3 290154 588 4 10 1682 1745 44 42 3461768 false
2019-12-16 09:24:34 INFO 12.475.3 20191118T111407.000-0500 5674.390625 7099.984375 168.70703125 18 4 10 1 2 2 290393 590 4 10 3187 3301 70 103 6864144 false
2019-12-16 09:24:36 INFO 12.475.3 20191118T111407.000-0500 5673.515625 7099.984375 133.61328125 48 2 9 1 2 2 290580 590 2 9 619 620 1 0 576 false
2019-12-16 09:24:38 INFO 12.475.3 20191118T111407.000-0500 5671.703125 7099.984375 125.2109375 17 3 8 1 2 2 290815 590 3 8 676 678 2 0 1152 false
2019-12-16 09:24:40 INFO 12.475.3 20191118T111407.000-0500 5672.640625 7099.984375 132.91796875 16 3 8 1 1 1 291055 591 3 8 2669 2762 57 84 4541328 false
2019-12-16 09:24:42 INFO 12.475.3 20191118T111407.000-0500 5457.63671875 6747.984375 362.22265625 16 3 11 1 3 2 291237 592 3 11 2231 2314 56 65 4877072 false
2019-12-16 09:24:44 INFO 12.475.3 20191118T111407.000-0500 5458.625 6747.984375 289.515625 29 3 11 1 3 2 291531 593 3 11 1186 1208 19 14 467136 false
2019-12-16 09:24:46 INFO 12.475.3 20191118T111407.000-0500 5460.5 6747.984375 276.9765625 21 5 11 1 3 2 291729 594 5 11 2658 2756 63 91 5995592 false
2019-12-16 09:24:48 INFO 12.475.3 20191118T111407.000-0500 5466.4375 6747.984375 232.796875 10 7 11 1 3 2 291950 594 7 11 1402 1402 0 0 0 false
2019-12-16 09:24:50 INFO 12.475.3 20191118T111407.000-0500 5464.125 6747.984375 320.75390625 12 6 11 1 2 2 292235 594 6 11 752 752 0 0 0 false
2019-12-16 09:24:52 INFO 12.475.3 20191118T111407.000-0500 5465.9375 6747.984375 249.49609375 7 6 10 1 2 2 292495 595 6 10 1979 2042 44 53 3162248 false
2019-12-16 09:24:54 INFO 12.475.3 20191118T111407.000-0500 5464.125 6747.984375 253.0546875 16 7 12 2 3 3 292677 598 7 12 3084 3222 93 119 8462672 false
2019-12-16 09:24:56 INFO 12.475.3 20191118T111407.000-0500 5467.3125 6747.984375 258.00390625 21 7 12 1 3 3 293129 600 7 12 2999 3043 27 41 3807424 false
2019-12-16 09:24:58 INFO 12.475.3 20191118T111407.000-0500 5479.45703125 6763.984375 270.73828125 30 3 12 1 3 3 293338 601 3 12 770 788 18 0 65344 false
2019-12-16 09:25:00 INFO 12.475.3 20191118T111407.000-0500 5476.82421875 6757.984375 263.86328125 31 3 10 1 1 1 293559 601 3 10 1126 1136 7 10 5093760 false
2019-12-16 09:25:02 INFO 12.475.3 20191118T111407.000-0500 5471.26171875 6753.984375 263.40234375 18 2 11 1 3 2 293852 603 2 11 2330 2409 50 72 3589192 false
2019-12-16 09:25:04 INFO 12.475.3 20191118T111407.000-0500 5471.26171875 6753.984375 279.578125 5 0 11 0 3 2 293853 603 0 11 98 100 2 0 1152 false
2019-12-16 09:25:06 INFO 12.475.3 20191118T111407.000-0500 5472.63671875 6753.984375 258.83984375 4 3 12 2 4 3 294057 603 3 12 581 581 0 0 0 false
2019-12-16 09:25:08 INFO 12.475.3 20191118T111407.000-0500 5499.87890625 6793.984375 225.37890625 32 3 12 1 4 3 294291 604 3 12 1768 1834 42 61 3309768 false
2019-12-16 09:25:11 INFO 12.475.3 20191118T111407.000-0500 5502.890625 6801.984375 227.1328125 30 4 10 1 4 3 294634 604 4 10 2039 2062 13 22 1654208 false
2019-12-16 09:25:12 INFO 12.475.3 20191118T111407.000-0500 5535.5078125 6833.984375 193.2421875 44 4 10 1 2 2 294932 606 4 10 819 819 0 0 0 false
2019-12-16 09:25:15 INFO 12.475.3 20191118T111407.000-0500 5538.828125 6841.984375 189.8046875 40 4 11 1 3 3 295154 607 4 11 942 944 2 0 1152 false
2019-12-16 09:25:16 INFO 12.475.3 20191118T111407.000-0500 5543.04296875 6855.96875 265.76953125 36 3 11 1 3 3 295247 607 3 11 316 319 3 0 1728 false
2019-12-16 09:25:18 INFO 12.475.3 20191118T111407.000-0500 5550.05859375 6855.96875 234.26953125 33 5 12 1 3 3 295460 608 5 12 804 804 0 0 0 false
2019-12-16 09:25:21 INFO 12.475.3 20191118T111407.000-0500 5558.3203125 6863.96875 200.40625 50 4 11 1 3 3 295705 608 4 11 1046 1048 2 0 1152 false
2019-12-16 09:25:23 INFO 12.475.3 20191118T111407.000-0500 5587.97265625 7135.96875 147.375 42 5 12 1 3 3 295856 608 5 12 678 678 0 0 0 false
2019-12-16 09:25:28 INFO 12.475.3 20191118T111407.000-0500 5653.3828125 7087.96875 111.97265625 38 6 12 1 3 3 296059 610 6 12 2132 2234 72 85 5695768 false
2019-12-16 09:25:28 INFO 12.475.3 20191118T111407.000-0500 5657.6953125 7087.96875 119.28515625 30 8 11 1 3 3 296675 611 8 11 3630 3729 66 74 6463112 false
2019-12-16 09:25:30 INFO 12.475.3 20191118T111407.000-0500 5659.0859375 7087.96875 138.5859375 31 5 9 1 3 3 296947 612 5 9 1939 1970 17 33 1859520 false
2019-12-16 09:25:32 INFO 12.475.3 20191118T111407.000-0500 5666.5234375 7087.96875 119.32421875 35 2 12 1 3 3 297106 613 2 12 2008 2092 52 69 4084240 false
2019-12-16 09:25:34 INFO 12.475.3 20191118T111407.000-0500 5670.68359375 7103.96875 132.03125 41 3 11 1 3 3 297378 614 3 11 1742 1812 47 50 3026000 false
2019-12-16 09:25:36 INFO 12.475.3 20191118T111407.000-0500 5677.44921875 7103.96875 112.30078125 58 4 12 1 3 3 297555 614 4 12 1408 1437 21 29 1964928 false
2019-12-16 09:25:38 INFO 12.475.3 20191118T111407.000-0500 5683.63671875 7103.96875 156.57421875 31 4 12 1 3 3 297785 615 4 12 1727 1797 46 48 3193288 false
